{
 "cells": [
  {
   "cell_type": "code",
   "execution_count": 2,
   "metadata": {
    "ExecuteTime": {
     "end_time": "2020-07-26T21:29:20.470514Z",
     "start_time": "2020-07-26T21:29:18.124858Z"
    }
   },
   "outputs": [],
   "source": [
    "import pickle\n",
    "import pandas as pd\n",
    "import numpy as np\n",
    "import seaborn as sns\n",
    "import matplotlib.pyplot as plt\n",
    "%matplotlib inline\n"
   ]
  },
  {
   "cell_type": "code",
   "execution_count": 3,
   "metadata": {
    "ExecuteTime": {
     "end_time": "2020-07-26T21:29:20.496500Z",
     "start_time": "2020-07-26T21:29:20.474513Z"
    }
   },
   "outputs": [],
   "source": [
    "with open('cleaned_df.pickle', 'rb') as file:\n",
    "    df = pickle.load(file)"
   ]
  },
  {
   "cell_type": "code",
   "execution_count": 4,
   "metadata": {
    "ExecuteTime": {
     "end_time": "2020-07-26T21:29:20.734365Z",
     "start_time": "2020-07-26T21:29:20.706380Z"
    }
   },
   "outputs": [
    {
     "name": "stdout",
     "output_type": "stream",
     "text": [
      "<class 'pandas.core.frame.DataFrame'>\n",
      "Int64Index: 21420 entries, 0 to 21596\n",
      "Data columns (total 21 columns):\n",
      "id               21420 non-null int64\n",
      "date             21420 non-null datetime64[ns]\n",
      "price            21420 non-null float64\n",
      "bedrooms         21420 non-null int64\n",
      "bathrooms        21420 non-null float64\n",
      "sqft_living      21420 non-null int64\n",
      "sqft_lot         21420 non-null int64\n",
      "floors           21420 non-null float64\n",
      "waterfront       21420 non-null int64\n",
      "view             21420 non-null int64\n",
      "condition        21420 non-null int64\n",
      "grade            21420 non-null int64\n",
      "sqft_above       21420 non-null int64\n",
      "has_basement     21420 non-null int64\n",
      "yr_built         21420 non-null int64\n",
      "yr_renovated     21420 non-null float64\n",
      "zipcode          21420 non-null int64\n",
      "lat              21420 non-null float64\n",
      "long             21420 non-null float64\n",
      "sqft_living15    21420 non-null int64\n",
      "sqft_lot15       21420 non-null int64\n",
      "dtypes: datetime64[ns](1), float64(6), int64(14)\n",
      "memory usage: 3.6 MB\n"
     ]
    }
   ],
   "source": [
    "df.info()"
   ]
  },
  {
   "cell_type": "code",
   "execution_count": 5,
   "metadata": {
    "ExecuteTime": {
     "end_time": "2020-07-26T21:29:22.960092Z",
     "start_time": "2020-07-26T21:29:22.663267Z"
    }
   },
   "outputs": [],
   "source": [
    "with open('regression_model1.pickle', 'rb') as file:\n",
    "    model = pickle.load(file)"
   ]
  },
  {
   "cell_type": "code",
   "execution_count": 34,
   "metadata": {
    "ExecuteTime": {
     "end_time": "2020-07-26T21:58:25.793616Z",
     "start_time": "2020-07-26T21:58:25.678699Z"
    }
   },
   "outputs": [
    {
     "data": {
      "text/html": [
       "<table class=\"simpletable\">\n",
       "<tr>\n",
       "        <td>Model:</td>               <td>OLS</td>         <td>Adj. R-squared:</td>      <td>0.698</td>   \n",
       "</tr>\n",
       "<tr>\n",
       "  <td>Dependent Variable:</td>       <td>price</td>             <td>AIC:</td>         <td>584168.0720</td>\n",
       "</tr>\n",
       "<tr>\n",
       "         <td>Date:</td>        <td>2020-07-26 22:58</td>        <td>BIC:</td>         <td>584311.5695</td>\n",
       "</tr>\n",
       "<tr>\n",
       "   <td>No. Observations:</td>        <td>21420</td>        <td>Log-Likelihood:</td>   <td>-2.9207e+05</td>\n",
       "</tr>\n",
       "<tr>\n",
       "       <td>Df Model:</td>             <td>17</td>           <td>F-statistic:</td>        <td>2916.</td>   \n",
       "</tr>\n",
       "<tr>\n",
       "     <td>Df Residuals:</td>          <td>21402</td>      <td>Prob (F-statistic):</td>    <td>0.00</td>    \n",
       "</tr>\n",
       "<tr>\n",
       "      <td>R-squared:</td>            <td>0.698</td>            <td>Scale:</td>        <td>4.0858e+10</td> \n",
       "</tr>\n",
       "</table>\n",
       "<table class=\"simpletable\">\n",
       "<tr>\n",
       "        <td></td>            <th>Coef.</th>      <th>Std.Err.</th>       <th>t</th>     <th>P>|t|</th>    <th>[0.025</th>       <th>0.975]</th>    \n",
       "</tr>\n",
       "<tr>\n",
       "  <th>Intercept</th>     <td>6294512.8114</td> <td>2957758.3622</td>  <td>2.1281</td>  <td>0.0333</td>  <td>497085.0802</td> <td>12091940.5426</td>\n",
       "</tr>\n",
       "<tr>\n",
       "  <th>bedrooms</th>       <td>-36721.6396</td>   <td>1919.6526</td>  <td>-19.1293</td> <td>0.0000</td>  <td>-40484.3024</td>  <td>-32958.9769</td> \n",
       "</tr>\n",
       "<tr>\n",
       "  <th>bathrooms</th>      <td>42031.3622</td>    <td>3291.7135</td>   <td>12.7688</td> <td>0.0000</td>  <td>35579.3574</td>   <td>48483.3669</td>  \n",
       "</tr>\n",
       "<tr>\n",
       "  <th>sqft_living</th>     <td>152.2525</td>      <td>4.4242</td>     <td>34.4133</td> <td>0.0000</td>   <td>143.5806</td>     <td>160.9243</td>   \n",
       "</tr>\n",
       "<tr>\n",
       "  <th>sqft_lot</th>         <td>0.1345</td>       <td>0.0482</td>     <td>2.7925</td>  <td>0.0052</td>    <td>0.0401</td>       <td>0.2289</td>    \n",
       "</tr>\n",
       "<tr>\n",
       "  <th>floors</th>          <td>8025.1755</td>    <td>3624.8248</td>   <td>2.2139</td>  <td>0.0268</td>   <td>920.2476</td>    <td>15130.1035</td>  \n",
       "</tr>\n",
       "<tr>\n",
       "  <th>waterfront</th>     <td>699096.8144</td>  <td>17418.4013</td>   <td>40.1355</td> <td>0.0000</td>  <td>664955.4444</td>  <td>733238.1844</td> \n",
       "</tr>\n",
       "<tr>\n",
       "  <th>view</th>           <td>116361.6821</td>   <td>5237.5382</td>   <td>22.2169</td> <td>0.0000</td>  <td>106095.7153</td>  <td>126627.6489</td> \n",
       "</tr>\n",
       "<tr>\n",
       "  <th>condition</th>      <td>27688.9680</td>    <td>2371.8802</td>   <td>11.6738</td> <td>0.0000</td>  <td>23039.9053</td>   <td>32338.0307</td>  \n",
       "</tr>\n",
       "<tr>\n",
       "  <th>grade</th>          <td>98171.3907</td>    <td>2177.4754</td>   <td>45.0850</td> <td>0.0000</td>  <td>93903.3760</td>   <td>102439.4055</td> \n",
       "</tr>\n",
       "<tr>\n",
       "  <th>sqft_above</th>       <td>28.4913</td>      <td>4.3896</td>     <td>6.4907</td>  <td>0.0000</td>    <td>19.8874</td>      <td>37.0953</td>   \n",
       "</tr>\n",
       "<tr>\n",
       "  <th>yr_built</th>       <td>-2642.5279</td>     <td>72.5438</td>   <td>-36.4267</td> <td>0.0000</td>  <td>-2784.7191</td>   <td>-2500.3367</td>  \n",
       "</tr>\n",
       "<tr>\n",
       "  <th>yr_renovated</th>     <td>24.8530</td>      <td>4.0067</td>     <td>6.2028</td>  <td>0.0000</td>    <td>16.9995</td>      <td>32.7064</td>   \n",
       "</tr>\n",
       "<tr>\n",
       "  <th>zipcode</th>         <td>-577.9663</td>     <td>33.2918</td>   <td>-17.3606</td> <td>0.0000</td>   <td>-643.2207</td>    <td>-512.7119</td>  \n",
       "</tr>\n",
       "<tr>\n",
       "  <th>lat</th>            <td>598384.1707</td>  <td>10820.9117</td>   <td>55.2989</td> <td>0.0000</td>  <td>577174.3741</td>  <td>619593.9673</td> \n",
       "</tr>\n",
       "<tr>\n",
       "  <th>long</th>          <td>-216260.3666</td>  <td>13270.8385</td>  <td>-16.2959</td> <td>0.0000</td> <td>-242272.2031</td> <td>-190248.5300</td> \n",
       "</tr>\n",
       "<tr>\n",
       "  <th>sqft_living15</th>    <td>22.2507</td>      <td>3.4779</td>     <td>6.3978</td>  <td>0.0000</td>    <td>15.4338</td>      <td>29.0675</td>   \n",
       "</tr>\n",
       "<tr>\n",
       "  <th>sqft_lot15</th>       <td>-0.3839</td>      <td>0.0737</td>     <td>-5.2072</td> <td>0.0000</td>    <td>-0.5284</td>      <td>-0.2394</td>   \n",
       "</tr>\n",
       "</table>\n",
       "<table class=\"simpletable\">\n",
       "<tr>\n",
       "     <td>Omnibus:</td>    <td>18228.270</td>  <td>Durbin-Watson:</td>      <td>1.993</td>   \n",
       "</tr>\n",
       "<tr>\n",
       "  <td>Prob(Omnibus):</td>   <td>0.000</td>   <td>Jarque-Bera (JB):</td> <td>1823638.731</td>\n",
       "</tr>\n",
       "<tr>\n",
       "       <td>Skew:</td>       <td>3.574</td>       <td>Prob(JB):</td>        <td>0.000</td>   \n",
       "</tr>\n",
       "<tr>\n",
       "     <td>Kurtosis:</td>    <td>47.634</td>    <td>Condition No.:</td>    <td>215560208</td> \n",
       "</tr>\n",
       "</table>"
      ],
      "text/plain": [
       "<class 'statsmodels.iolib.summary2.Summary'>\n",
       "\"\"\"\n",
       "                         Results: Ordinary least squares\n",
       "==================================================================================\n",
       "Model:                    OLS                  Adj. R-squared:         0.698      \n",
       "Dependent Variable:       price                AIC:                    584168.0720\n",
       "Date:                     2020-07-26 22:58     BIC:                    584311.5695\n",
       "No. Observations:         21420                Log-Likelihood:         -2.9207e+05\n",
       "Df Model:                 17                   F-statistic:            2916.      \n",
       "Df Residuals:             21402                Prob (F-statistic):     0.00       \n",
       "R-squared:                0.698                Scale:                  4.0858e+10 \n",
       "----------------------------------------------------------------------------------\n",
       "                 Coef.       Std.Err.      t     P>|t|     [0.025        0.975]   \n",
       "----------------------------------------------------------------------------------\n",
       "Intercept     6294512.8114 2957758.3622   2.1281 0.0333  497085.0802 12091940.5426\n",
       "bedrooms       -36721.6396    1919.6526 -19.1293 0.0000  -40484.3024   -32958.9769\n",
       "bathrooms       42031.3622    3291.7135  12.7688 0.0000   35579.3574    48483.3669\n",
       "sqft_living       152.2525       4.4242  34.4133 0.0000     143.5806      160.9243\n",
       "sqft_lot            0.1345       0.0482   2.7925 0.0052       0.0401        0.2289\n",
       "floors           8025.1755    3624.8248   2.2139 0.0268     920.2476    15130.1035\n",
       "waterfront     699096.8144   17418.4013  40.1355 0.0000  664955.4444   733238.1844\n",
       "view           116361.6821    5237.5382  22.2169 0.0000  106095.7153   126627.6489\n",
       "condition       27688.9680    2371.8802  11.6738 0.0000   23039.9053    32338.0307\n",
       "grade           98171.3907    2177.4754  45.0850 0.0000   93903.3760   102439.4055\n",
       "sqft_above         28.4913       4.3896   6.4907 0.0000      19.8874       37.0953\n",
       "yr_built        -2642.5279      72.5438 -36.4267 0.0000   -2784.7191    -2500.3367\n",
       "yr_renovated       24.8530       4.0067   6.2028 0.0000      16.9995       32.7064\n",
       "zipcode          -577.9663      33.2918 -17.3606 0.0000    -643.2207     -512.7119\n",
       "lat            598384.1707   10820.9117  55.2989 0.0000  577174.3741   619593.9673\n",
       "long          -216260.3666   13270.8385 -16.2959 0.0000 -242272.2031  -190248.5300\n",
       "sqft_living15      22.2507       3.4779   6.3978 0.0000      15.4338       29.0675\n",
       "sqft_lot15         -0.3839       0.0737  -5.2072 0.0000      -0.5284       -0.2394\n",
       "----------------------------------------------------------------------------------\n",
       "Omnibus:                 18228.270          Durbin-Watson:             1.993      \n",
       "Prob(Omnibus):           0.000              Jarque-Bera (JB):          1823638.731\n",
       "Skew:                    3.574              Prob(JB):                  0.000      \n",
       "Kurtosis:                47.634             Condition No.:             215560208  \n",
       "==================================================================================\n",
       "* The condition number is large (2e+08). This might indicate             strong\n",
       "multicollinearity or other numerical problems.\n",
       "\"\"\""
      ]
     },
     "execution_count": 34,
     "metadata": {},
     "output_type": "execute_result"
    }
   ],
   "source": [
    "model.summary2()"
   ]
  },
  {
   "cell_type": "code",
   "execution_count": 6,
   "metadata": {
    "ExecuteTime": {
     "end_time": "2020-07-26T21:29:24.219373Z",
     "start_time": "2020-07-26T21:29:24.063463Z"
    }
   },
   "outputs": [
    {
     "data": {
      "text/html": [
       "<div>\n",
       "<style scoped>\n",
       "    .dataframe tbody tr th:only-of-type {\n",
       "        vertical-align: middle;\n",
       "    }\n",
       "\n",
       "    .dataframe tbody tr th {\n",
       "        vertical-align: top;\n",
       "    }\n",
       "\n",
       "    .dataframe thead th {\n",
       "        text-align: right;\n",
       "    }\n",
       "</style>\n",
       "<table border=\"1\" class=\"dataframe\">\n",
       "  <thead>\n",
       "    <tr style=\"text-align: right;\">\n",
       "      <th></th>\n",
       "      <th>id</th>\n",
       "      <th>price</th>\n",
       "      <th>bedrooms</th>\n",
       "      <th>bathrooms</th>\n",
       "      <th>sqft_living</th>\n",
       "      <th>sqft_lot</th>\n",
       "      <th>floors</th>\n",
       "      <th>waterfront</th>\n",
       "      <th>view</th>\n",
       "      <th>condition</th>\n",
       "      <th>grade</th>\n",
       "      <th>sqft_above</th>\n",
       "      <th>has_basement</th>\n",
       "      <th>yr_built</th>\n",
       "      <th>yr_renovated</th>\n",
       "      <th>zipcode</th>\n",
       "      <th>lat</th>\n",
       "      <th>long</th>\n",
       "      <th>sqft_living15</th>\n",
       "      <th>sqft_lot15</th>\n",
       "    </tr>\n",
       "  </thead>\n",
       "  <tbody>\n",
       "    <tr>\n",
       "      <td>id</td>\n",
       "      <td>1.000000</td>\n",
       "      <td>-0.018525</td>\n",
       "      <td>0.000691</td>\n",
       "      <td>0.004343</td>\n",
       "      <td>-0.013451</td>\n",
       "      <td>-0.132648</td>\n",
       "      <td>0.018139</td>\n",
       "      <td>-0.003628</td>\n",
       "      <td>0.011062</td>\n",
       "      <td>-0.024300</td>\n",
       "      <td>0.006470</td>\n",
       "      <td>-0.011794</td>\n",
       "      <td>0.002900</td>\n",
       "      <td>0.021171</td>\n",
       "      <td>-0.010857</td>\n",
       "      <td>-0.007934</td>\n",
       "      <td>-0.002766</td>\n",
       "      <td>0.019336</td>\n",
       "      <td>-0.003883</td>\n",
       "      <td>-0.139429</td>\n",
       "    </tr>\n",
       "    <tr>\n",
       "      <td>price</td>\n",
       "      <td>-0.018525</td>\n",
       "      <td>1.000000</td>\n",
       "      <td>0.309453</td>\n",
       "      <td>0.526229</td>\n",
       "      <td>0.701875</td>\n",
       "      <td>0.089111</td>\n",
       "      <td>0.256286</td>\n",
       "      <td>0.264898</td>\n",
       "      <td>0.355912</td>\n",
       "      <td>0.034779</td>\n",
       "      <td>0.668020</td>\n",
       "      <td>0.605294</td>\n",
       "      <td>0.177593</td>\n",
       "      <td>0.052906</td>\n",
       "      <td>0.118484</td>\n",
       "      <td>-0.052371</td>\n",
       "      <td>0.305744</td>\n",
       "      <td>0.020983</td>\n",
       "      <td>0.584549</td>\n",
       "      <td>0.082438</td>\n",
       "    </tr>\n",
       "    <tr>\n",
       "      <td>bedrooms</td>\n",
       "      <td>0.000691</td>\n",
       "      <td>0.309453</td>\n",
       "      <td>1.000000</td>\n",
       "      <td>0.515383</td>\n",
       "      <td>0.579069</td>\n",
       "      <td>0.032490</td>\n",
       "      <td>0.177734</td>\n",
       "      <td>-0.002205</td>\n",
       "      <td>0.078858</td>\n",
       "      <td>0.025893</td>\n",
       "      <td>0.357988</td>\n",
       "      <td>0.480242</td>\n",
       "      <td>0.157633</td>\n",
       "      <td>0.155241</td>\n",
       "      <td>0.017470</td>\n",
       "      <td>-0.155061</td>\n",
       "      <td>-0.011266</td>\n",
       "      <td>0.132439</td>\n",
       "      <td>0.394949</td>\n",
       "      <td>0.030570</td>\n",
       "    </tr>\n",
       "    <tr>\n",
       "      <td>bathrooms</td>\n",
       "      <td>0.004343</td>\n",
       "      <td>0.526229</td>\n",
       "      <td>0.515383</td>\n",
       "      <td>1.000000</td>\n",
       "      <td>0.755522</td>\n",
       "      <td>0.087779</td>\n",
       "      <td>0.501803</td>\n",
       "      <td>0.063635</td>\n",
       "      <td>0.174947</td>\n",
       "      <td>-0.129362</td>\n",
       "      <td>0.665587</td>\n",
       "      <td>0.686328</td>\n",
       "      <td>0.159723</td>\n",
       "      <td>0.506252</td>\n",
       "      <td>0.047686</td>\n",
       "      <td>-0.203884</td>\n",
       "      <td>0.023143</td>\n",
       "      <td>0.223808</td>\n",
       "      <td>0.569453</td>\n",
       "      <td>0.087760</td>\n",
       "    </tr>\n",
       "    <tr>\n",
       "      <td>sqft_living</td>\n",
       "      <td>-0.013451</td>\n",
       "      <td>0.701875</td>\n",
       "      <td>0.579069</td>\n",
       "      <td>0.755522</td>\n",
       "      <td>1.000000</td>\n",
       "      <td>0.172586</td>\n",
       "      <td>0.352868</td>\n",
       "      <td>0.104737</td>\n",
       "      <td>0.267614</td>\n",
       "      <td>-0.061677</td>\n",
       "      <td>0.762477</td>\n",
       "      <td>0.876533</td>\n",
       "      <td>0.200279</td>\n",
       "      <td>0.316646</td>\n",
       "      <td>0.050851</td>\n",
       "      <td>-0.198995</td>\n",
       "      <td>0.050739</td>\n",
       "      <td>0.240212</td>\n",
       "      <td>0.756186</td>\n",
       "      <td>0.183837</td>\n",
       "    </tr>\n",
       "    <tr>\n",
       "      <td>sqft_lot</td>\n",
       "      <td>-0.132648</td>\n",
       "      <td>0.089111</td>\n",
       "      <td>0.032490</td>\n",
       "      <td>0.087779</td>\n",
       "      <td>0.172586</td>\n",
       "      <td>1.000000</td>\n",
       "      <td>-0.005561</td>\n",
       "      <td>0.021429</td>\n",
       "      <td>0.068344</td>\n",
       "      <td>-0.009169</td>\n",
       "      <td>0.113656</td>\n",
       "      <td>0.183210</td>\n",
       "      <td>-0.035156</td>\n",
       "      <td>0.052312</td>\n",
       "      <td>0.004991</td>\n",
       "      <td>-0.129422</td>\n",
       "      <td>-0.085822</td>\n",
       "      <td>0.230265</td>\n",
       "      <td>0.143805</td>\n",
       "      <td>0.717743</td>\n",
       "    </tr>\n",
       "    <tr>\n",
       "      <td>floors</td>\n",
       "      <td>0.018139</td>\n",
       "      <td>0.256286</td>\n",
       "      <td>0.177734</td>\n",
       "      <td>0.501803</td>\n",
       "      <td>0.352868</td>\n",
       "      <td>-0.005561</td>\n",
       "      <td>1.000000</td>\n",
       "      <td>0.020578</td>\n",
       "      <td>0.015233</td>\n",
       "      <td>-0.266859</td>\n",
       "      <td>0.458091</td>\n",
       "      <td>0.522751</td>\n",
       "      <td>-0.252837</td>\n",
       "      <td>0.488935</td>\n",
       "      <td>0.003141</td>\n",
       "      <td>-0.058532</td>\n",
       "      <td>0.048900</td>\n",
       "      <td>0.124812</td>\n",
       "      <td>0.279071</td>\n",
       "      <td>-0.011367</td>\n",
       "    </tr>\n",
       "    <tr>\n",
       "      <td>waterfront</td>\n",
       "      <td>-0.003628</td>\n",
       "      <td>0.264898</td>\n",
       "      <td>-0.002205</td>\n",
       "      <td>0.063635</td>\n",
       "      <td>0.104737</td>\n",
       "      <td>0.021429</td>\n",
       "      <td>0.020578</td>\n",
       "      <td>1.000000</td>\n",
       "      <td>0.249102</td>\n",
       "      <td>0.016608</td>\n",
       "      <td>0.082905</td>\n",
       "      <td>0.071737</td>\n",
       "      <td>0.039364</td>\n",
       "      <td>-0.024842</td>\n",
       "      <td>0.074096</td>\n",
       "      <td>0.029183</td>\n",
       "      <td>-0.012267</td>\n",
       "      <td>-0.037883</td>\n",
       "      <td>0.083921</td>\n",
       "      <td>0.030653</td>\n",
       "    </tr>\n",
       "    <tr>\n",
       "      <td>view</td>\n",
       "      <td>0.011062</td>\n",
       "      <td>0.355912</td>\n",
       "      <td>0.078858</td>\n",
       "      <td>0.174947</td>\n",
       "      <td>0.267614</td>\n",
       "      <td>0.068344</td>\n",
       "      <td>0.015233</td>\n",
       "      <td>0.249102</td>\n",
       "      <td>1.000000</td>\n",
       "      <td>0.046263</td>\n",
       "      <td>0.233897</td>\n",
       "      <td>0.151167</td>\n",
       "      <td>0.188740</td>\n",
       "      <td>-0.065441</td>\n",
       "      <td>0.080888</td>\n",
       "      <td>0.093474</td>\n",
       "      <td>0.008976</td>\n",
       "      <td>-0.088825</td>\n",
       "      <td>0.270637</td>\n",
       "      <td>0.065018</td>\n",
       "    </tr>\n",
       "    <tr>\n",
       "      <td>condition</td>\n",
       "      <td>-0.024300</td>\n",
       "      <td>0.034779</td>\n",
       "      <td>0.025893</td>\n",
       "      <td>-0.129362</td>\n",
       "      <td>-0.061677</td>\n",
       "      <td>-0.009169</td>\n",
       "      <td>-0.266859</td>\n",
       "      <td>0.016608</td>\n",
       "      <td>0.046263</td>\n",
       "      <td>1.000000</td>\n",
       "      <td>-0.150508</td>\n",
       "      <td>-0.161483</td>\n",
       "      <td>0.131000</td>\n",
       "      <td>-0.365129</td>\n",
       "      <td>-0.056264</td>\n",
       "      <td>0.004372</td>\n",
       "      <td>-0.015566</td>\n",
       "      <td>-0.107154</td>\n",
       "      <td>-0.095256</td>\n",
       "      <td>-0.003450</td>\n",
       "    </tr>\n",
       "    <tr>\n",
       "      <td>grade</td>\n",
       "      <td>0.006470</td>\n",
       "      <td>0.668020</td>\n",
       "      <td>0.357988</td>\n",
       "      <td>0.665587</td>\n",
       "      <td>0.762477</td>\n",
       "      <td>0.113656</td>\n",
       "      <td>0.458091</td>\n",
       "      <td>0.082905</td>\n",
       "      <td>0.233897</td>\n",
       "      <td>-0.150508</td>\n",
       "      <td>1.000000</td>\n",
       "      <td>0.756221</td>\n",
       "      <td>0.049304</td>\n",
       "      <td>0.446235</td>\n",
       "      <td>0.015744</td>\n",
       "      <td>-0.183588</td>\n",
       "      <td>0.112815</td>\n",
       "      <td>0.198555</td>\n",
       "      <td>0.713178</td>\n",
       "      <td>0.120056</td>\n",
       "    </tr>\n",
       "    <tr>\n",
       "      <td>sqft_above</td>\n",
       "      <td>-0.011794</td>\n",
       "      <td>0.605294</td>\n",
       "      <td>0.480242</td>\n",
       "      <td>0.686328</td>\n",
       "      <td>0.876533</td>\n",
       "      <td>0.183210</td>\n",
       "      <td>0.522751</td>\n",
       "      <td>0.071737</td>\n",
       "      <td>0.151167</td>\n",
       "      <td>-0.161483</td>\n",
       "      <td>0.756221</td>\n",
       "      <td>1.000000</td>\n",
       "      <td>-0.208029</td>\n",
       "      <td>0.422977</td>\n",
       "      <td>0.020078</td>\n",
       "      <td>-0.260803</td>\n",
       "      <td>-0.002040</td>\n",
       "      <td>0.344161</td>\n",
       "      <td>0.731887</td>\n",
       "      <td>0.194445</td>\n",
       "    </tr>\n",
       "    <tr>\n",
       "      <td>has_basement</td>\n",
       "      <td>0.002900</td>\n",
       "      <td>0.177593</td>\n",
       "      <td>0.157633</td>\n",
       "      <td>0.159723</td>\n",
       "      <td>0.200279</td>\n",
       "      <td>-0.035156</td>\n",
       "      <td>-0.252837</td>\n",
       "      <td>0.039364</td>\n",
       "      <td>0.188740</td>\n",
       "      <td>0.131000</td>\n",
       "      <td>0.049304</td>\n",
       "      <td>-0.208029</td>\n",
       "      <td>1.000000</td>\n",
       "      <td>-0.164949</td>\n",
       "      <td>0.044863</td>\n",
       "      <td>0.159996</td>\n",
       "      <td>0.135203</td>\n",
       "      <td>-0.234290</td>\n",
       "      <td>0.043450</td>\n",
       "      <td>-0.041796</td>\n",
       "    </tr>\n",
       "    <tr>\n",
       "      <td>yr_built</td>\n",
       "      <td>0.021171</td>\n",
       "      <td>0.052906</td>\n",
       "      <td>0.155241</td>\n",
       "      <td>0.506252</td>\n",
       "      <td>0.316646</td>\n",
       "      <td>0.052312</td>\n",
       "      <td>0.488935</td>\n",
       "      <td>-0.024842</td>\n",
       "      <td>-0.065441</td>\n",
       "      <td>-0.365129</td>\n",
       "      <td>0.446235</td>\n",
       "      <td>0.422977</td>\n",
       "      <td>-0.164949</td>\n",
       "      <td>1.000000</td>\n",
       "      <td>-0.203147</td>\n",
       "      <td>-0.346162</td>\n",
       "      <td>-0.148857</td>\n",
       "      <td>0.409173</td>\n",
       "      <td>0.324715</td>\n",
       "      <td>0.070125</td>\n",
       "    </tr>\n",
       "    <tr>\n",
       "      <td>yr_renovated</td>\n",
       "      <td>-0.010857</td>\n",
       "      <td>0.118484</td>\n",
       "      <td>0.017470</td>\n",
       "      <td>0.047686</td>\n",
       "      <td>0.050851</td>\n",
       "      <td>0.004991</td>\n",
       "      <td>0.003141</td>\n",
       "      <td>0.074096</td>\n",
       "      <td>0.080888</td>\n",
       "      <td>-0.056264</td>\n",
       "      <td>0.015744</td>\n",
       "      <td>0.020078</td>\n",
       "      <td>0.044863</td>\n",
       "      <td>-0.203147</td>\n",
       "      <td>1.000000</td>\n",
       "      <td>0.062291</td>\n",
       "      <td>0.027776</td>\n",
       "      <td>-0.064848</td>\n",
       "      <td>0.000812</td>\n",
       "      <td>0.004317</td>\n",
       "    </tr>\n",
       "    <tr>\n",
       "      <td>zipcode</td>\n",
       "      <td>-0.007934</td>\n",
       "      <td>-0.052371</td>\n",
       "      <td>-0.155061</td>\n",
       "      <td>-0.203884</td>\n",
       "      <td>-0.198995</td>\n",
       "      <td>-0.129422</td>\n",
       "      <td>-0.058532</td>\n",
       "      <td>0.029183</td>\n",
       "      <td>0.093474</td>\n",
       "      <td>0.004372</td>\n",
       "      <td>-0.183588</td>\n",
       "      <td>-0.260803</td>\n",
       "      <td>0.159996</td>\n",
       "      <td>-0.346162</td>\n",
       "      <td>0.062291</td>\n",
       "      <td>1.000000</td>\n",
       "      <td>0.266712</td>\n",
       "      <td>-0.564778</td>\n",
       "      <td>-0.278428</td>\n",
       "      <td>-0.147063</td>\n",
       "    </tr>\n",
       "    <tr>\n",
       "      <td>lat</td>\n",
       "      <td>-0.002766</td>\n",
       "      <td>0.305744</td>\n",
       "      <td>-0.011266</td>\n",
       "      <td>0.023143</td>\n",
       "      <td>0.050739</td>\n",
       "      <td>-0.085822</td>\n",
       "      <td>0.048900</td>\n",
       "      <td>-0.012267</td>\n",
       "      <td>0.008976</td>\n",
       "      <td>-0.015566</td>\n",
       "      <td>0.112815</td>\n",
       "      <td>-0.002040</td>\n",
       "      <td>0.135203</td>\n",
       "      <td>-0.148857</td>\n",
       "      <td>0.027776</td>\n",
       "      <td>0.266712</td>\n",
       "      <td>1.000000</td>\n",
       "      <td>-0.136228</td>\n",
       "      <td>0.047485</td>\n",
       "      <td>-0.086223</td>\n",
       "    </tr>\n",
       "    <tr>\n",
       "      <td>long</td>\n",
       "      <td>0.019336</td>\n",
       "      <td>0.020983</td>\n",
       "      <td>0.132439</td>\n",
       "      <td>0.223808</td>\n",
       "      <td>0.240212</td>\n",
       "      <td>0.230265</td>\n",
       "      <td>0.124812</td>\n",
       "      <td>-0.037883</td>\n",
       "      <td>-0.088825</td>\n",
       "      <td>-0.107154</td>\n",
       "      <td>0.198555</td>\n",
       "      <td>0.344161</td>\n",
       "      <td>-0.234290</td>\n",
       "      <td>0.409173</td>\n",
       "      <td>-0.064848</td>\n",
       "      <td>-0.564778</td>\n",
       "      <td>-0.136228</td>\n",
       "      <td>1.000000</td>\n",
       "      <td>0.334679</td>\n",
       "      <td>0.255420</td>\n",
       "    </tr>\n",
       "    <tr>\n",
       "      <td>sqft_living15</td>\n",
       "      <td>-0.003883</td>\n",
       "      <td>0.584549</td>\n",
       "      <td>0.394949</td>\n",
       "      <td>0.569453</td>\n",
       "      <td>0.756186</td>\n",
       "      <td>0.143805</td>\n",
       "      <td>0.279071</td>\n",
       "      <td>0.083921</td>\n",
       "      <td>0.270637</td>\n",
       "      <td>-0.095256</td>\n",
       "      <td>0.713178</td>\n",
       "      <td>0.731887</td>\n",
       "      <td>0.043450</td>\n",
       "      <td>0.324715</td>\n",
       "      <td>0.000812</td>\n",
       "      <td>-0.278428</td>\n",
       "      <td>0.047485</td>\n",
       "      <td>0.334679</td>\n",
       "      <td>1.000000</td>\n",
       "      <td>0.182765</td>\n",
       "    </tr>\n",
       "    <tr>\n",
       "      <td>sqft_lot15</td>\n",
       "      <td>-0.139429</td>\n",
       "      <td>0.082438</td>\n",
       "      <td>0.030570</td>\n",
       "      <td>0.087760</td>\n",
       "      <td>0.183837</td>\n",
       "      <td>0.717743</td>\n",
       "      <td>-0.011367</td>\n",
       "      <td>0.030653</td>\n",
       "      <td>0.065018</td>\n",
       "      <td>-0.003450</td>\n",
       "      <td>0.120056</td>\n",
       "      <td>0.194445</td>\n",
       "      <td>-0.041796</td>\n",
       "      <td>0.070125</td>\n",
       "      <td>0.004317</td>\n",
       "      <td>-0.147063</td>\n",
       "      <td>-0.086223</td>\n",
       "      <td>0.255420</td>\n",
       "      <td>0.182765</td>\n",
       "      <td>1.000000</td>\n",
       "    </tr>\n",
       "  </tbody>\n",
       "</table>\n",
       "</div>"
      ],
      "text/plain": [
       "                     id     price  bedrooms  bathrooms  sqft_living  sqft_lot  \\\n",
       "id             1.000000 -0.018525  0.000691   0.004343    -0.013451 -0.132648   \n",
       "price         -0.018525  1.000000  0.309453   0.526229     0.701875  0.089111   \n",
       "bedrooms       0.000691  0.309453  1.000000   0.515383     0.579069  0.032490   \n",
       "bathrooms      0.004343  0.526229  0.515383   1.000000     0.755522  0.087779   \n",
       "sqft_living   -0.013451  0.701875  0.579069   0.755522     1.000000  0.172586   \n",
       "sqft_lot      -0.132648  0.089111  0.032490   0.087779     0.172586  1.000000   \n",
       "floors         0.018139  0.256286  0.177734   0.501803     0.352868 -0.005561   \n",
       "waterfront    -0.003628  0.264898 -0.002205   0.063635     0.104737  0.021429   \n",
       "view           0.011062  0.355912  0.078858   0.174947     0.267614  0.068344   \n",
       "condition     -0.024300  0.034779  0.025893  -0.129362    -0.061677 -0.009169   \n",
       "grade          0.006470  0.668020  0.357988   0.665587     0.762477  0.113656   \n",
       "sqft_above    -0.011794  0.605294  0.480242   0.686328     0.876533  0.183210   \n",
       "has_basement   0.002900  0.177593  0.157633   0.159723     0.200279 -0.035156   \n",
       "yr_built       0.021171  0.052906  0.155241   0.506252     0.316646  0.052312   \n",
       "yr_renovated  -0.010857  0.118484  0.017470   0.047686     0.050851  0.004991   \n",
       "zipcode       -0.007934 -0.052371 -0.155061  -0.203884    -0.198995 -0.129422   \n",
       "lat           -0.002766  0.305744 -0.011266   0.023143     0.050739 -0.085822   \n",
       "long           0.019336  0.020983  0.132439   0.223808     0.240212  0.230265   \n",
       "sqft_living15 -0.003883  0.584549  0.394949   0.569453     0.756186  0.143805   \n",
       "sqft_lot15    -0.139429  0.082438  0.030570   0.087760     0.183837  0.717743   \n",
       "\n",
       "                 floors  waterfront      view  condition     grade  \\\n",
       "id             0.018139   -0.003628  0.011062  -0.024300  0.006470   \n",
       "price          0.256286    0.264898  0.355912   0.034779  0.668020   \n",
       "bedrooms       0.177734   -0.002205  0.078858   0.025893  0.357988   \n",
       "bathrooms      0.501803    0.063635  0.174947  -0.129362  0.665587   \n",
       "sqft_living    0.352868    0.104737  0.267614  -0.061677  0.762477   \n",
       "sqft_lot      -0.005561    0.021429  0.068344  -0.009169  0.113656   \n",
       "floors         1.000000    0.020578  0.015233  -0.266859  0.458091   \n",
       "waterfront     0.020578    1.000000  0.249102   0.016608  0.082905   \n",
       "view           0.015233    0.249102  1.000000   0.046263  0.233897   \n",
       "condition     -0.266859    0.016608  0.046263   1.000000 -0.150508   \n",
       "grade          0.458091    0.082905  0.233897  -0.150508  1.000000   \n",
       "sqft_above     0.522751    0.071737  0.151167  -0.161483  0.756221   \n",
       "has_basement  -0.252837    0.039364  0.188740   0.131000  0.049304   \n",
       "yr_built       0.488935   -0.024842 -0.065441  -0.365129  0.446235   \n",
       "yr_renovated   0.003141    0.074096  0.080888  -0.056264  0.015744   \n",
       "zipcode       -0.058532    0.029183  0.093474   0.004372 -0.183588   \n",
       "lat            0.048900   -0.012267  0.008976  -0.015566  0.112815   \n",
       "long           0.124812   -0.037883 -0.088825  -0.107154  0.198555   \n",
       "sqft_living15  0.279071    0.083921  0.270637  -0.095256  0.713178   \n",
       "sqft_lot15    -0.011367    0.030653  0.065018  -0.003450  0.120056   \n",
       "\n",
       "               sqft_above  has_basement  yr_built  yr_renovated   zipcode  \\\n",
       "id              -0.011794      0.002900  0.021171     -0.010857 -0.007934   \n",
       "price            0.605294      0.177593  0.052906      0.118484 -0.052371   \n",
       "bedrooms         0.480242      0.157633  0.155241      0.017470 -0.155061   \n",
       "bathrooms        0.686328      0.159723  0.506252      0.047686 -0.203884   \n",
       "sqft_living      0.876533      0.200279  0.316646      0.050851 -0.198995   \n",
       "sqft_lot         0.183210     -0.035156  0.052312      0.004991 -0.129422   \n",
       "floors           0.522751     -0.252837  0.488935      0.003141 -0.058532   \n",
       "waterfront       0.071737      0.039364 -0.024842      0.074096  0.029183   \n",
       "view             0.151167      0.188740 -0.065441      0.080888  0.093474   \n",
       "condition       -0.161483      0.131000 -0.365129     -0.056264  0.004372   \n",
       "grade            0.756221      0.049304  0.446235      0.015744 -0.183588   \n",
       "sqft_above       1.000000     -0.208029  0.422977      0.020078 -0.260803   \n",
       "has_basement    -0.208029      1.000000 -0.164949      0.044863  0.159996   \n",
       "yr_built         0.422977     -0.164949  1.000000     -0.203147 -0.346162   \n",
       "yr_renovated     0.020078      0.044863 -0.203147      1.000000  0.062291   \n",
       "zipcode         -0.260803      0.159996 -0.346162      0.062291  1.000000   \n",
       "lat             -0.002040      0.135203 -0.148857      0.027776  0.266712   \n",
       "long             0.344161     -0.234290  0.409173     -0.064848 -0.564778   \n",
       "sqft_living15    0.731887      0.043450  0.324715      0.000812 -0.278428   \n",
       "sqft_lot15       0.194445     -0.041796  0.070125      0.004317 -0.147063   \n",
       "\n",
       "                    lat      long  sqft_living15  sqft_lot15  \n",
       "id            -0.002766  0.019336      -0.003883   -0.139429  \n",
       "price          0.305744  0.020983       0.584549    0.082438  \n",
       "bedrooms      -0.011266  0.132439       0.394949    0.030570  \n",
       "bathrooms      0.023143  0.223808       0.569453    0.087760  \n",
       "sqft_living    0.050739  0.240212       0.756186    0.183837  \n",
       "sqft_lot      -0.085822  0.230265       0.143805    0.717743  \n",
       "floors         0.048900  0.124812       0.279071   -0.011367  \n",
       "waterfront    -0.012267 -0.037883       0.083921    0.030653  \n",
       "view           0.008976 -0.088825       0.270637    0.065018  \n",
       "condition     -0.015566 -0.107154      -0.095256   -0.003450  \n",
       "grade          0.112815  0.198555       0.713178    0.120056  \n",
       "sqft_above    -0.002040  0.344161       0.731887    0.194445  \n",
       "has_basement   0.135203 -0.234290       0.043450   -0.041796  \n",
       "yr_built      -0.148857  0.409173       0.324715    0.070125  \n",
       "yr_renovated   0.027776 -0.064848       0.000812    0.004317  \n",
       "zipcode        0.266712 -0.564778      -0.278428   -0.147063  \n",
       "lat            1.000000 -0.136228       0.047485   -0.086223  \n",
       "long          -0.136228  1.000000       0.334679    0.255420  \n",
       "sqft_living15  0.047485  0.334679       1.000000    0.182765  \n",
       "sqft_lot15    -0.086223  0.255420       0.182765    1.000000  "
      ]
     },
     "execution_count": 6,
     "metadata": {},
     "output_type": "execute_result"
    }
   ],
   "source": [
    "pd.set_option('display.max_columns', 500)\n",
    "df.corr()\n"
   ]
  },
  {
   "cell_type": "code",
   "execution_count": 7,
   "metadata": {
    "ExecuteTime": {
     "end_time": "2020-07-26T21:29:27.996216Z",
     "start_time": "2020-07-26T21:29:27.772346Z"
    },
    "scrolled": false
   },
   "outputs": [
    {
     "data": {
      "text/html": [
       "<div>\n",
       "<style scoped>\n",
       "    .dataframe tbody tr th:only-of-type {\n",
       "        vertical-align: middle;\n",
       "    }\n",
       "\n",
       "    .dataframe tbody tr th {\n",
       "        vertical-align: top;\n",
       "    }\n",
       "\n",
       "    .dataframe thead th {\n",
       "        text-align: right;\n",
       "    }\n",
       "</style>\n",
       "<table border=\"1\" class=\"dataframe\">\n",
       "  <thead>\n",
       "    <tr style=\"text-align: right;\">\n",
       "      <th></th>\n",
       "      <th>id</th>\n",
       "      <th>price</th>\n",
       "      <th>bedrooms</th>\n",
       "      <th>bathrooms</th>\n",
       "      <th>sqft_living</th>\n",
       "      <th>sqft_lot</th>\n",
       "      <th>floors</th>\n",
       "      <th>waterfront</th>\n",
       "      <th>view</th>\n",
       "      <th>condition</th>\n",
       "      <th>grade</th>\n",
       "      <th>sqft_above</th>\n",
       "      <th>has_basement</th>\n",
       "      <th>yr_built</th>\n",
       "      <th>yr_renovated</th>\n",
       "      <th>zipcode</th>\n",
       "      <th>lat</th>\n",
       "      <th>long</th>\n",
       "      <th>sqft_living15</th>\n",
       "      <th>sqft_lot15</th>\n",
       "    </tr>\n",
       "  </thead>\n",
       "  <tbody>\n",
       "    <tr>\n",
       "      <td>id</td>\n",
       "      <td>True</td>\n",
       "      <td>False</td>\n",
       "      <td>False</td>\n",
       "      <td>False</td>\n",
       "      <td>False</td>\n",
       "      <td>False</td>\n",
       "      <td>False</td>\n",
       "      <td>False</td>\n",
       "      <td>False</td>\n",
       "      <td>False</td>\n",
       "      <td>False</td>\n",
       "      <td>False</td>\n",
       "      <td>False</td>\n",
       "      <td>False</td>\n",
       "      <td>False</td>\n",
       "      <td>False</td>\n",
       "      <td>False</td>\n",
       "      <td>False</td>\n",
       "      <td>False</td>\n",
       "      <td>False</td>\n",
       "    </tr>\n",
       "    <tr>\n",
       "      <td>price</td>\n",
       "      <td>False</td>\n",
       "      <td>True</td>\n",
